1639147004.4787271023 0.00000 0.00000 0.00000 0.00000 0.00000 0.00000 1.00000
1639147004.5787272453 0.00000 -0.00000 0.00001 0.00000 0.00000 0.00000 1.00000
1639147004.6787271500 0.00000 -0.00001 0.00018 0.00000 0.00000 0.00000 1.00000
1639147004.7787272930 0.00000 -0.00005 0.00116 0.00000 0.00000 0.00000 1.00000
1639147004.8787271976 0.00001 -0.00019 0.00419 0.00000 0.00000 0.00000 1.00000
1639147004.9787271023 0.00003 -0.00049 0.01091 0.00000 0.00000 0.00000 1.00000
1639147005.0787272453 0.00006 -0.00101 0.02307 0.00000 0.00000 0.00000 1.00000
1639147005.1787271500 0.00011 -0.00180 0.04219 0.00000 0.00000 0.00000 1.00000
1639147005.2787272930 0.00017 -0.00289 0.06929 0.00000 0.00000 0.00000 1.00000
1639147005.3787271976 0.00025 -0.00424 0.10472 0.00000 0.00000 0.00000 1.00000
1639147005.4787271023 0.00035 -0.00581 0.14814 0.00000 0.00000 0.00000 1.00000
1639147005.5787272453 0.00045 -0.00750 0.19858 0.00000 0.00000 0.00000 1.00000
1639147005.6787271500 0.00055 -0.00922 0.25461 0.00000 0.00000 0.00000 1.00000
1639147005.7787272930 0.00064 -0.01084 0.31457 0.00000 0.00000 0.00000 1.00000
1639147005.8787271976 0.00073 -0.01227 0.37683 0.00000 0.00000 0.00000 1.00000
1639147005.9787273407 0.00079 -0.01342 0.43997 0.00000 0.00000 0.00000 1.00000
1639147006.0787272453 0.00084 -0.01423 0.50299 0.00000 0.00000 0.00000 1.00000
1639147006.1787271500 0.00086 -0.01464 0.56533 0.00000 0.00000 0.00000 1.00000
1639147006.2787272930 0.00086 -0.01465 0.62686 0.00000 0.00000 0.00000 1.00000
1639147006.3787271976 0.00084 -0.01421 0.68765 0.00000 0.00000 0.00000 1.00000
1639147006.4787273407 0.00078 -0.01331 0.74775 0.00000 0.00000 0.00000 1.00000
1639147006.5787272453 0.00070 -0.01187 0.80690 0.00000 0.00000 0.00000 1.00000
1639147006.6787271500 0.00058 -0.00981 0.86426 0.00000 0.00000 0.00000 1.00000
1639147006.7787272930 0.00041 -0.00700 0.91835 0.00000 0.00000 0.00000 1.00000
1639147006.8787271976 0.00020 -0.00334 0.96730 0.00000 0.00000 0.00000 1.00000
1639147006.9787273407 -0.00007 0.00118 1.00974 0.00000 0.00000 0.00000 1.00000
1639147007.0787272453 -0.00037 0.00635 1.04612 0.00000 0.00000 0.00000 1.00000
1639147007.1787271500 -0.00068 0.01167 1.07800 0.00000 0.00000 0.00000 1.00000
1639147007.2787272930 -0.00097 0.01651 1.10581 0.00000 0.00000 0.00000 1.00000
1639147007.3787271976 -0.00119 0.02023 1.12929 0.00000 0.00000 0.00000 1.00000
1639147007.4787273407 -0.00130 0.02223 1.14866 0.00000 0.00000 0.00000 1.00000
1639147007.5787272453 -0.00128 0.02193 1.16476 0.00000 0.00000 0.00000 1.00000
1639147007.6787271500 -0.00109 0.01870 1.17843 0.00000 0.00000 0.00000 1.00000
1639147007.7787272930 -0.00069 0.01186 1.18998 0.00000 0.00000 0.00000 1.00000
1639147007.8787271976 -0.00005 0.00081 1.19948 0.00000 0.00000 0.00000 1.00000
1639147007.9787273407 0.00087 -0.01477 1.20740 0.00000 0.00000 0.00000 1.00000
1639147008.0787272453 0.00204 -0.03488 1.21418 0.00000 0.00000 0.00000 1.00000
1639147008.1787271500 0.00342 -0.05926 1.21997 0.00000 0.00000 0.00000 1.00000
1639147008.2787272930 0.00495 -0.08757 1.22477 0.00000 0.00000 0.00000 1.00000
1639147008.3787271976 0.00658 -0.11944 1.22857 0.00000 0.00000 0.00000 1.00000
1639147008.4787273407 0.00828 -0.15451 1.23136 0.00000 0.00000 0.00000 1.00000
1639147008.5787272453 0.01001 -0.19245 1.23320 0.00000 0.00000 0.00000 1.00000
1639147008.6787271500 0.01173 -0.23295 1.23417 0.00000 0.00000 0.00000 1.00000
1639147008.7787272930 0.01342 -0.27571 1.23439 0.00000 0.00000 0.00000 1.00000
1639147008.8787271976 0.01503 -0.32043 1.23397 0.00000 0.00000 0.00000 1.00000
1639147008.9787273407 0.01652 -0.36680 1.23301 0.00000 0.00000 0.00000 1.00000
1639147009.0787272453 0.01782 -0.41450 1.23161 0.00000 0.00000 0.00000 1.00000
1639147009.1787271500 0.01890 -0.46321 1.22983 0.00000 0.00000 0.00000 1.00000
1639147009.2787272930 0.01970 -0.51257 1.22771 0.00000 0.00000 0.00000 1.00000
1639147009.3787271976 0.02018 -0.56225 1.22529 0.00000 0.00000 0.00000 1.00000
1639147009.4787273407 0.02030 -0.61192 1.22262 0.00000 0.00000 0.00000 1.00000
1639147009.5787272453 0.02003 -0.66125 1.21974 0.00000 0.00000 0.00000 1.00000
1639147009.6787273884 0.01934 -0.70994 1.21674 0.00000 0.00000 0.00000 1.00000
1639147009.7787272930 0.01820 -0.75768 1.21369 0.00000 0.00000 0.00000 1.00000
1639147009.8787271976 0.01657 -0.80416 1.21071 0.00000 0.00000 0.00000 1.00000
1639147009.9787273407 0.01439 -0.84907 1.20790 0.00000 0.00000 0.00000 1.00000
1639147010.0787272453 0.01160 -0.89208 1.20536 0.00000 0.00000 0.00000 1.00000
1639147010.1787273884 0.00814 -0.93283 1.20313 0.00000 0.00000 0.00000 1.00000
1639147010.2787272930 0.00395 -0.97099 1.20126 0.00000 0.00000 0.00000 1.00000
1639147010.3787271976 -0.00095 -1.00624 1.19975 0.00000 0.00000 0.00000 1.00000
1639147010.4787273407 -0.00636 -1.03845 1.19865 0.00000 0.00000 0.00000 1.00000
1639147010.5787272453 -0.01187 -1.06765 1.19799 0.00000 0.00000 0.00000 1.00000
1639147010.6787273884 -0.01686 -1.09396 1.19772 0.00000 0.00000 0.00000 1.00000
1639147010.7787272930 -0.02068 -1.11754 1.19772 0.00000 0.00000 0.00000 1.00000
1639147010.8787271976 -0.02274 -1.13851 1.19794 0.00000 0.00000 0.00000 1.00000
1639147010.9787273407 -0.02248 -1.15697 1.19832 0.00000 0.00000 0.00000 1.00000
1639147011.0787272453 -0.01931 -1.17307 1.19883 0.00000 0.00000 0.00000 1.00000
1639147011.1787273884 -0.01256 -1.18694 1.19940 0.00000 0.00000 0.00000 1.00000
1639147011.2787272930 -0.00163 -1.19871 1.19994 0.00000 0.00000 0.00000 1.00000
1639147011.3787271976 0.01382 -1.20849 1.20042 0.00000 0.00000 0.00000 1.00000
1639147011.4787273407 0.03379 -1.21640 1.20083 0.00000 0.00000 0.00000 1.00000
1639147011.5787272453 0.05802 -1.22259 1.20118 0.00000 0.00000 0.00000 1.00000
1639147011.6787273884 0.08618 -1.22722 1.20146 0.00000 0.00000 0.00000 1.00000
1639147011.7787272930 0.11791 -1.23043 1.20168 0.00000 0.00000 0.00000 1.00000
1639147011.8787271976 0.15284 -1.23235 1.20184 0.00000 0.00000 0.00000 1.00000
1639147011.9787273407 0.19066 -1.23309 1.20195 0.00000 0.00000 0.00000 1.00000
1639147012.0787272453 0.23104 -1.23279 1.20202 0.00000 0.00000 0.00000 1.00000
1639147012.1787273884 0.27369 -1.23158 1.20204 0.00000 0.00000 0.00000 1.00000
1639147012.2787272930 0.31831 -1.22958 1.20202 0.00000 0.00000 0.00000 1.00000
1639147012.3787274361 0.36459 -1.22694 1.20197 0.00000 0.00000 0.00000 1.00000
1639147012.4787273407 0.41221 -1.22380 1.20189 0.00000 0.00000 0.00000 1.00000
1639147012.5787272453 0.46083 -1.22033 1.20178 0.00000 0.00000 0.00000 1.00000
1639147012.6787273884 0.51013 -1.21665 1.20165 0.00000 0.00000 0.00000 1.00000
1639147012.7787272930 0.55976 -1.21290 1.20150 0.00000 0.00000 0.00000 1.00000
1639147012.8787274361 0.60940 -1.20923 1.20134 0.00000 0.00000 0.00000 1.00000
1639147012.9787273407 0.65871 -1.20574 1.20117 0.00000 0.00000 0.00000 1.00000
1639147013.0787272453 0.70739 -1.20256 1.20100 0.00000 0.00000 0.00000 1.00000
1639147013.1787273884 0.75515 -1.19980 1.20082 0.00000 0.00000 0.00000 1.00000
1639147013.2787272930 0.80166 -1.19760 1.20065 0.00000 0.00000 0.00000 1.00000
1639147013.3787274361 0.84662 -1.19611 1.20048 0.00000 0.00000 0.00000 1.00000
1639147013.4787273407 0.88970 -1.19550 1.20033 0.00000 0.00000 0.00000 1.00000
1639147013.5787272453 0.93054 -1.19593 1.20020 0.00000 0.00000 0.00000 1.00000
1639147013.6787273884 0.96880 -1.19755 1.20008 0.00000 0.00000 0.00000 1.00000
1639147013.7787272930 1.00419 -1.20042 1.19999 0.00000 0.00000 0.00000 1.00000
1639147013.8787274361 1.03654 -1.20440 1.19993 0.00000 0.00000 0.00000 1.00000
1639147013.9787273407 1.06587 -1.20906 1.19989 0.00000 0.00000 0.00000 1.00000
1639147014.0787272453 1.09232 -1.21370 1.19987 0.00000 0.00000 0.00000 1.00000
1639147014.1787273884 1.11604 -1.21759 1.19987 0.00000 0.00000 0.00000 1.00000
1639147014.2787272930 1.13715 -1.22004 1.19988 0.00000 0.00000 0.00000 1.00000
1639147014.3787274361 1.15578 -1.22044 1.19990 0.00000 0.00000 0.00000 1.00000
1639147014.4787273407 1.17204 -1.21810 1.19993 0.00000 0.00000 0.00000 1.00000
1639147014.5787272453 1.18608 -1.21229 1.19996 0.00000 0.00000 0.00000 1.00000
1639147014.6787273884 1.19804 -1.20230 1.19999 0.00000 0.00000 0.00000 1.00000
1639147014.7787272930 1.20803 -1.18772 1.20002 0.00000 0.00000 0.00000 1.00000
1639147014.8787274361 1.21617 -1.16852 1.20005 0.00000 0.00000 0.00000 1.00000
1639147014.9787273407 1.22260 -1.14492 1.20007 0.00000 0.00000 0.00000 1.00000
1639147015.0787272453 1.22748 -1.11727 1.20009 0.00000 0.00000 0.00000 1.00000
1639147015.1787273884 1.23092 -1.08596 1.20010 0.00000 0.00000 0.00000 1.00000
1639147015.2787272930 1.23307 -1.05134 1.20011 0.00000 0.00000 0.00000 1.00000
1639147015.3787274361 1.23404 -1.01376 1.20011 0.00000 0.00000 0.00000 1.00000
1639147015.4787273407 1.23396 -0.97352 1.20012 0.00000 0.00000 0.00000 1.00000
1639147015.5787272453 1.23296 -0.93096 1.20012 0.00000 0.00000 0.00000 1.00000
1639147015.6787273884 1.23117 -0.88635 1.20012 0.00000 0.00000 0.00000 1.00000
1639147015.7787272930 1.22871 -0.84003 1.20012 0.00000 0.00000 0.00000 1.00000
1639147015.8787274361 1.22574 -0.79232 1.20011 0.00000 0.00000 0.00000 1.00000
1639147015.9787273407 1.22239 -0.74355 1.20011 0.00000 0.00000 0.00000 1.00000
1639147016.0787274837 1.21880 -0.69408 1.20010 0.00000 0.00000 0.00000 1.00000
1639147016.1787273884 1.21510 -0.64424 1.20009 0.00000 0.00000 0.00000 1.00000
1639147016.2787272930 1.21142 -0.59438 1.20008 0.00000 0.00000 0.00000 1.00000
1639147016.3787274361 1.20788 -0.54483 1.20007 0.00000 0.00000 0.00000 1.00000
1639147016.4787273407 1.20460 -0.49590 1.20006 0.00000 0.00000 0.00000 1.00000
1639147016.5787274837 1.20170 -0.44791 1.20005 0.00000 0.00000 0.00000 1.00000
1639147016.6787273884 1.19932 -0.40117 1.20004 0.00000 0.00000 0.00000 1.00000
1639147016.7787272930 1.19760 -0.35599 1.20003 0.00000 0.00000 0.00000 1.00000
1639147016.8787274361 1.19668 -0.31272 1.20002 0.00000 0.00000 0.00000 1.00000
1639147016.9787273407 1.19673 -0.27172 1.20001 0.00000 0.00000 0.00000 1.00000
1639147017.0787274837 1.19787 -0.23333 1.20001 0.00000 0.00000 0.00000 1.00000
1639147017.1787273884 1.20018 -0.19788 1.20000 0.00000 0.00000 0.00000 1.00000
1639147017.2787272930 1.20359 -0.16552 1.20000 0.00000 0.00000 0.00000 1.00000
1639147017.3787274361 1.20773 -0.13622 1.19999 0.00000 0.00000 0.00000 1.00000
1639147017.4787273407 1.21193 -0.10981 1.19999 0.00000 0.00000 0.00000 1.00000
1639147017.5787274837 1.21548 -0.08612 1.19999 0.00000 0.00000 0.00000 1.00000
1639147017.6787273884 1.21780 -0.06498 1.19999 0.00000 0.00000 0.00000 1.00000
1639147017.7787272930 1.21837 -0.04624 1.19999 0.00000 0.00000 0.00000 1.00000
1639147017.8787274361 1.21656 -0.02975 1.20000 0.00000 0.00000 0.00000 1.00000
1639147017.9787273407 1.21156 -0.01531 1.20000 0.00000 0.00000 0.00000 1.00000
1639147018.0787274837 1.20275 -0.00277 1.20000 0.00000 0.00000 0.00000 1.00000
1639147018.1787273884 1.18989 0.00801 1.20000 0.00000 0.00000 0.00000 1.00000
1639147018.2787272930 1.17298 0.01714 1.20000 0.00000 0.00000 0.00000 1.00000
1639147018.3787274361 1.15205 0.02474 1.20000 0.00000 0.00000 0.00000 1.00000
1639147018.4787273407 1.12722 0.03091 1.20000 0.00000 0.00000 0.00000 1.00000
1639147018.5787274837 1.09872 0.03576 1.20001 0.00000 0.00000 0.00000 1.00000
1639147018.6787273884 1.06689 0.03937 1.20001 0.00000 0.00000 0.00000 1.00000
1639147018.7787275314 1.03210 0.04183 1.20001 0.00000 0.00000 0.00000 1.00000
1639147018.8787274361 0.99473 0.04323 1.20001 0.00000 0.00000 0.00000 1.00000
1639147018.9787273407 0.95509 0.04367 1.20001 0.00000 0.00000 0.00000 1.00000
1639147019.0787274837 0.91343 0.04324 1.20001 0.00000 0.00000 0.00000 1.00000
1639147019.1787273884 0.86996 0.04204 1.20001 0.00000 0.00000 0.00000 1.00000
1639147019.2787275314 0.82483 0.04017 1.20001 0.00000 0.00000 0.00000 1.00000
1639147019.3787274361 0.77819 0.03775 1.20001 0.00000 0.00000 0.00000 1.00000
1639147019.4787273407 0.73022 0.03487 1.20001 0.00000 0.00000 0.00000 1.00000
1639147019.5787274837 0.68117 0.03164 1.20000 0.00000 0.00000 0.00000 1.00000
1639147019.6787273884 0.63133 0.02814 1.20000 0.00000 0.00000 0.00000 1.00000
1639147019.7787275314 0.58108 0.02446 1.20000 0.00000 0.00000 0.00000 1.00000
1639147019.8787274361 0.53081 0.02070 1.20000 0.00000 0.00000 0.00000 1.00000
1639147019.9787273407 0.48092 0.01693 1.20000 0.00000 0.00000 0.00000 1.00000
1639147020.0787274837 0.43174 0.01325 1.20000 0.00000 0.00000 0.00000 1.00000
1639147020.1787273884 0.38345 0.00976 1.20000 0.00000 0.00000 0.00000 1.00000
1639147020.2787275314 0.33610 0.00657 1.20000 0.00000 0.00000 0.00000 1.00000
1639147020.3787274361 0.28966 0.00382 1.20000 0.00000 0.00000 0.00000 1.00000
1639147020.4787273407 0.24413 0.00160 1.20000 0.00000 0.00000 0.00000 1.00000
1639147020.5787274837 0.19992 -0.00000 1.20000 0.00000 0.00000 0.00000 1.00000
1639147020.6787273884 0.15833 -0.00101 1.20000 0.00000 0.00000 0.00000 1.00000
1639147020.7787275314 0.12062 -0.00149 1.20000 0.00000 0.00000 0.00000 1.00000
1639147020.8787274361 0.08642 -0.00153 1.20000 0.00000 0.00000 0.00000 1.00000
1639147020.9787273407 0.05557 -0.00123 1.20000 0.00000 0.00000 0.00000 1.00000
1639147021.0787274837 0.02988 -0.00076 1.20000 0.00000 0.00000 0.00000 1.00000
1639147021.1787273884 0.01204 -0.00034 1.20000 0.00000 0.00000 0.00000 1.00000
1639147021.2787275314 0.00294 -0.00009 1.20000 0.00000 0.00000 0.00000 1.00000
1639147021.3787274361 0.00025 -0.00001 1.20000 0.00000 0.00000 0.00000 1.00000
1639147021.4787273407 0.00000 -0.00000 1.20000 0.00000 0.00000 0.00000 1.00000
1639147021.5787274837 0.00000 -0.00000 1.20000 0.00000 0.00000 0.00000 1.00000
